dosu[0] = 6040
dosu[1] = 6068
dosu[2] = 5981
dosu[3] = 5920
dosu[4] = 5991

average = 0.498628
variance = 0.083291

